0,526
0,525
0,524
0,523
0,522
0,521
0,520
0,519
45,5
45,4
45,3
45,2
45,1
45,0
44,5
44,4
44,3
44,2
44,1
44,0
43,5
43,4
43,3
43,2
43,1
43,0
42,6
42,5
42,4
42,3
42,2
42,1
42,0
41,5
41,4
41,3
41,2
41,1
41,0
40,5
40,4
40,3
40,2
40,1
40,0
39,5
39,4
39,3
39,2
39,1
39,0
27,3
27,2
27,1
27,0
24,3
24,2
24,1
24,0
21,3
21,2
21,1
21,0
3,3
3,1
3,0
2,3
2,2
2,1
2,0
1,3
1,2
1,1
1,0
0,408
0,322
0,243
0,9
0,310
0,305
0,308
0,307
0,302
0,304
0,303
0,12
0,10
0,8
0,0
0,300
0,299
0,298
0,297
0,296
0,295
0,294
0,293
0,436
0,435
0,292
0,291
0,290
0,289
0,434
0,433
0,288
0,287
0,432
0,286
0,431
0,285
0,430
0,284
0,429
0,283
0,428
0,282
0,427
0,281
0,280
0,426
0,279
0,425
0,278
0,424
0,277
0,422
0,276
0,421
0,275
0,518
0,423
0,274
0,420
0,273
0,517
0,419
0,272
0,498
0,418
0,271
0,516
0,497
0,270
0,496
0,417
0,269
0,416
0,268
0,495
0,415
0,267
0,413
0,266
0,412
0,265
0,493
0,414
0,264
0,492
0,411
0,263
0,515
0,410
0,262
0,514
0,409
0,261
0,491
0,407
0,260
0,490
0,406
0,259
0,505
0,489
0,258
0,504
0,405
0,257
0,503
0,404
0,256
0,513
0,403
0,255
0,488
0,401
0,254
0,487
0,400
0,253
0,486
0,402
0,252
0,398
0,251
0,397
0,250
0,485
0,399
0,249
0,484
0,395
0,248
0,394
0,247
0,483
0,396
0,246
0,475
0,392
0,245
0,502
0,391
0,244
0,482
0,393
0,242
0,474
0,389
0,241
0,473
0,388
27,4
27,5
33,0
33,1
33,4
34,0
34,3
34,5
38,0
38,3
38,4
0,494
38,1
34,4
34,1
33,3
27,6
0,240
0,481
0,390
0,239
0,512
0,387
0,238
0,511
0,386
0,237
0,480
0,385
0,236
0,472
0,384
0,235
0,471
0,470
0,234
0,469
0,468
0,233
0,383
0,382
0,232
0,467
0,466
0,231
0,465
0,381
0,230
0,509
0,380
0,229
0,479
0,379
0,228
0,501
0,464
0,227
0,508
0,378
0,226
0,510
0,377
0,225
0,463
0,376
0,224
0,462
0,375
0,223
0,507
0,478
0,222
0,461
0,374
0,221
0,460
0,373
0,220
0,459
0,372
0,219
0,458
0,370
0,218
0,457
0,369
0,217
0,500
0,371
0,216
0,477
0,368
0,215
0,456
0,367
0,214
0,455
0,366
0,213
0,499
0,364
0,212
0,454
0,363
0,211
0,453
0,365
0,210
0,452
0,362
0,209
0,451
0,361
0,208
0,450
0,360
0,207
0,449
0,448
0,206
0,506
0,359
0,205
0,340
0,339
0,204
0,476
0,338
0,203
0,447
0,357
0,202
0,356
0,337
0,201
0,358
0,336
0,200
0,446
0,335
0,199
0,355
0,333
0,198
0,354
0,332
0,197
0,445
0,334
0,196
0,352
0,331
0,195
0,353
0,330
0,194
0,441
0,329
0,193
0,351
0,328
0,192
0,350
0,327
0,63
0,348
0,326
0,62
0,444
0,347
0,61
0,349
0,325
0,60
0,443
0,324
0,59
0,440
0,323
0,58
0,439
0,321
0,57
0,345
0,320
0,56
0,344
0,319
0,55
0,346
0,318
0,54
0,438
0,317
0,53
0,437
0,316
0,52
0,442
0,315
0,51
0,342
0,314
0,50
0,341
0,313
0,49
0,343
0,312
0,48
0,311
0,47
0,309
0,46
0,306
0,45
0,301
0,6
0,5
0,1
0,11
0,4
0,2
0,3
0,7
